1948.00 202047
1948.25 203593
1948.50 191858
1948.75 179473
1949.00 186611
1949.25 192038
1949.50 183221
1949.75 169302
1950.00 180130
1950.25 181343
1950.50 170087
1950.75 160200
1951.00 176047
1951.25 181614
1951.50 168033
1951.75 153995
1952.00 173338
1952.25 174159
1952.50 168030
1952.75 157759
1953.00 171649
1953.25 179477
1953.50 172943
1953.75 157895
1954.00 173547
1954.25 175290
1954.50 166938
1954.75 156860
1955.00 169190
1955.25 171234
1955.50 166890
1955.75 157640
1956.00 179446
1956.25 182593
1956.50 173586
1956.75 163434
